.Random.seed <-
c(403L, 624L, 723094258L, 1517587915L, -397157744L, 667899217L, 
-1112707362L, 560008647L, -1238228132L, -1790051155L, -2114642038L, 
-1553054845L, -1136871704L, -1999618103L, 1640581366L, -807802113L, 
1835999540L, 1742813861L, -637839582L, -1462534085L, 1864085056L, 
256100673L, 1942058510L, -84394185L, -751343092L, 1573816221L, 
585273786L, 42935283L, 1969627288L, 1393021369L, -1264429530L, 
981789295L, -2033820188L, 1568785301L, 997011282L, 1361579691L, 
343764464L, 888551729L, 591677758L, -22754137L, 352541884L, 1545784973L, 
1525256170L, 960569443L, 1211037256L, 644145065L, -1110724778L, 
56149471L, -167655788L, -585791355L, -1431170174L, -820430565L, 
1479809440L, 1621468449L, 1932060782L, 872265239L, 981531500L, 
1635373437L, 263002650L, 1913338067L, 498219000L, 210135449L, 
1150833798L, -20153009L, -378774716L, -945059467L, 600638386L, 
403570571L, -121982640L, 1506872593L, -1759358050L, 408550279L, 
224085532L, -1698525075L, 1603285066L, 154430787L, 1976231336L, 
-2033487991L, -1256503882L, -1357442881L, 1913723892L, 1376962149L, 
1937833954L, 187523579L, -1555286784L, -675843839L, 2141424334L, 
248552695L, 301808844L, -2136208547L, -776613254L, -54280781L, 
387186520L, 2119364985L, 1344766694L, -1271955409L, 867895460L, 
-187023531L, 1733363730L, -513908629L, -1545362256L, 1901580529L, 
165645822L, -801596825L, 932306812L, -945470899L, -2046754646L, 
1551903267L, -1092057848L, 872148841L, 1531972630L, 1003277215L, 
351609172L, 1548809285L, -41935806L, -1656227109L, -1791229856L, 
-1921962783L, 801725742L, -618073129L, -2012991956L, 1339897149L, 
1695857370L, -1175407981L, -782010696L, 811952473L, 1357373766L, 
1902506767L, -284531196L, 1485169973L, -1794032526L, 2068918603L, 
282085392L, 1384285393L, 940832862L, -470243001L, -671143716L, 
356705325L, 1347682570L, -1738778877L, 157275240L, 871259977L, 
268567158L, -298715521L, 1040570036L, -850914779L, 499607714L, 
1637942203L, 1591442368L, -1765091135L, -432906354L, 1153350327L, 
1995296652L, 528830237L, 1373754170L, -590735501L, 678993432L, 
649449785L, 208760742L, 690476527L, -793611420L, -1574536427L, 
1210425554L, 1344172587L, 643341168L, -800511823L, -1437101378L, 
1834100775L, -553967044L, 1913878029L, -861851286L, 1040249827L, 
-1492593720L, 144359209L, 2127112406L, -419524257L, 2023439380L, 
-1301274619L, -1251023614L, -797934437L, 486713120L, 79459489L, 
-780758546L, 1397354903L, 1695686892L, -65251075L, -1405805670L, 
-1266160557L, 1680569720L, -516151015L, -1805898234L, -1439881009L, 
-1173671740L, -1120665355L, 665204018L, 1711153931L, -1219191088L, 
-1180451695L, -1253941986L, -503507193L, -388117604L, -2003896339L, 
-1795124790L, -358219581L, 1438352168L, -1342632183L, -1623359690L, 
585800767L, 2081247604L, 1430330853L, -1316056734L, -34708101L, 
-662076800L, -465698687L, -332532658L, 1786943607L, -2067193268L, 
-1374006563L, 338072570L, -1402851021L, 945028312L, 1542484217L, 
1178606694L, -1624380497L, -1200841180L, -786008363L, -425002606L, 
1596474347L, -2103684560L, -645250959L, 2037143422L, 330397159L, 
1040131324L, -1087542835L, -813030870L, 1468235171L, 1062199944L, 
-1543418135L, -1258879594L, 2058229535L, 733222612L, 993201093L, 
188640706L, -1705853349L, -2042098208L, 1044872289L, -51345746L, 
1243656023L, -1268067412L, -1174979395L, -1244775334L, 1267787283L, 
-993381320L, 248162521L, -877315386L, -1897783665L, 86948740L, 
1098243253L, 1145826802L, 2043991243L, 856143248L, -151735215L, 
-479362594L, 807879879L, -759746980L, 946260909L, 777380490L, 
1506896515L, -107089432L, -626295095L, 1334688758L, -1560215041L, 
-1763210188L, 633203109L, -946439646L, -237664453L, 118901056L, 
399566913L, -1772730098L, 232535607L, 2119120140L, 1613436573L, 
1229198522L, 894175987L, -1788470376L, -305999687L, 441682214L, 
-603864721L, 94996708L, -1382403435L, 195105362L, -1875126869L, 
1601095920L, -723838927L, -1411523522L, -1055489113L, 1197336508L, 
-760013427L, -277097750L, -490223773L, -2038582968L, -974152023L, 
1251582550L, 748379359L, -117460588L, 307869573L, -139544958L, 
-324091877L, 667694240L, 1909605409L, 385301358L, 762129687L, 
416171628L, -1657937795L, 312483098L, 684433363L, -1577078024L, 
1758521497L, 1941112710L, -985344945L, 1261766212L, -250906507L, 
331507378L, 412436107L, -1968599984L, 842361873L, 1465214622L, 
-1405668729L, -397717220L, 680157037L, -585895094L, -6384573L, 
1405558952L, 1405464201L, -843925322L, -2076891201L, -1185642764L, 
981366117L, -1197530398L, 253126907L, -1589522432L, 1229164545L, 
-1452581426L, 2089522167L, 1715472332L, 695704157L, -503687814L, 
21472435L, 1315895896L, 1810690169L, 1701557734L, 1701009199L, 
-1826016348L, 591507029L, 1070066450L, 622405483L, 596639664L, 
-906252303L, 913055998L, 859918695L, -1378391428L, -1872457395L, 
1295401898L, -645017309L, 995246088L, -299520407L, 1282473750L, 
-226073953L, 1799228500L, 329524037L, 864010050L, 2034532827L, 
407837536L, -1759720479L, 1145745454L, 720333527L, -184780500L, 
2038449213L, 325762522L, -1242031725L, 1787556280L, 1594812505L, 
-921332666L, -1290450417L, -958525180L, -1749756875L, 2127142770L, 
1677686859L, -2063981808L, 1394992081L, 1706691422L, -202579897L, 
1012544476L, 481932077L, 570082314L, -1244824061L, -2097737880L, 
2064096841L, -2039712394L, -1673065089L, -837533260L, 1329774885L, 
-1654092894L, -412022085L, 499914432L, 1347811265L, -1439878514L, 
-1001344585L, -10773876L, -1111499235L, -1895213510L, 1511325299L, 
841914648L, 640602169L, -1001872730L, -2129482513L, -72638876L, 
-572724715L, -874544174L, 528496939L, -171968912L, -2136209487L, 
-841538114L, -403579097L, -466899652L, -1677605619L, -914787222L, 
-174744861L, -594702648L, 1550024233L, -2026038314L, -2110838689L, 
-852547820L, -623751419L, 930187266L, -1311505509L, 781238816L, 
1709642657L, 1772807406L, 812083351L, 1807051756L, -491886595L, 
-923918694L, 483808083L, 1294921848L, 558147609L, -929242874L, 
2115207119L, 1927928772L, -1053691915L, 773953586L, 1037265419L, 
-1464239664L, 25566097L, 593195038L, 1695043079L, -1583098212L, 
-1732983059L, 1036670154L, 371075011L, 1710079528L, 1882279433L, 
-1501892042L, -2131315905L, 2145827956L, -540357403L, 1320334434L, 
-861574021L, -1284170368L, -993517695L, -581187762L, -1293185161L, 
-865997492L, -1866210851L, -1053747462L, 1232345139L, -815466536L, 
742944761L, -1817555098L, 886031023L, -1712273116L, 1227613653L, 
-1196958574L, 1093733099L, -1128354512L, -2136203407L, -421598594L, 
484977895L, 488288252L, 1498069197L, 84239658L, -1331747677L, 
-1460691576L, 275320297L, -2017593194L, 1364569631L, 697500116L, 
-1012647227L, 1011093698L, -937605797L, 22096096L, 1441864545L, 
735566254L, -342546857L, 1605967532L, 746081213L, 65683290L, 
1193692435L, 950579000L, -1624102951L, 789114310L, 201291151L, 
169371268L, -1186804811L, -1970646798L, 1204886475L, 1017614480L, 
-1525279919L, 1694078174L, 491355079L, -1427621540L, -532964691L, 
826451338L, 2052100483L, -1687474968L, 318946761L, 446574326L, 
-2012997377L, 965474100L, 668375205L, 1698536738L, -797733317L, 
1492968512L, -27654335L, 1203182606L, -702796489L, 269680652L, 
-700209763L, -1456367686L, -1725632013L, 1959925400L, 1308217273L, 
-263144410L, 1180342383L, -2001161244L, -1863409259L, -824117934L, 
199990443L, 525083632L, 297531185L, -1237094594L, -807126361L, 
1264874172L, -335582067L, 1620710890L, 1147825763L, -1623692216L, 
-906601047L, -1699506858L, -1782975521L, 1261018260L, -371595643L, 
985094530L, -1377810661L, -414167136L, -1627725023L, -275673490L, 
-902257641L, 1942458732L, 1788735357L, 1428103194L, -559413549L, 
-608621064L, -2003343463L, 2031729286L, 43592527L, 120172868L, 
-1951963275L, -1128019534L, -474444405L, 1199859536L, 1704315665L, 
-1084982882L, -93296249L, -1427678180L, -150065555L, -1121733046L, 
-64701629L, -2110825560L, 54259081L, -1885983818L, -953205057L, 
633598452L, 589702245L, 969491938L, -996446213L, -987534592L, 
